700747,
701665,
701666,
729926,
729927,
729928,
729929,
729930,
729931,
729932,
729933,
729934,
729935,
729936,
729937,
729938,
729939,
729940,
729941,
729942,
729943,
729944,
729945,
729946,
729947,
729948,
729949,
729950,
729951,
729952,
729953,
729954,
729955,
729956,
729957,
729958,
729959,
729960,
729961,
729962,
729963,
729964,
729965,
729966,
729967,
729968,
729969,
729970,
729971,
729972,
729973,
729974,
729975,
729976,
729977,
729978,
729979,
729980,
729981,
729982,
730023,
730121,
730122,
730123,
730124,
730125,
730126,
730127,
730128,
730129,
730130,
730131,
730132,
730133,
730134,
730135,
730136,
730137,
730138,
730139,
730140,
730141,
730142,
730143,
730144,
730145,
730146,
730147,
730148,
730149,
730150,
730151,
730152,
730153,
730154,
730155,
730156,
730158,
730159,
730160,